NCamera = {
	PANNING_WIDTH =  12000
	PANNING_HEIGHT = 12000
	ZOOM_STEPS = { 25 50 71 90 108 129 154 185 225 275 330 386 443 503 568 639 718 806 906 1017 1143 1285 1446 1628 1828 2041 2266 2498 2734 2972 3207 3437 3825 4925 5925 }
	ZOOM_STEPS_TILT =      { 50 53 56 59 62 65 67 70 72 74 76 77 79 80 82 83 83 84 85 85 85 85 85 85 85 85 85 85 85 85 85 85 85 70 55 }		# Default zoom tilt when zooming in or out
	ZOOM_STEPS_MIN_TILT =  { 0 0 0 0 5 10 15 20 25 30 35 40 45 50 55 55 55 55 55 55 55 55 55 55 55 55 55 55 55 55 55 55 55 50 40 }
	ZOOM_STEPS_MAX_TILT =  { 89 89 89 89 89 89 89 89 89 89 89 89 89 89 89 89 89 89 89 89 89 89 89 89 89 89 89 89 89 89 89 89 89 89 89 }
}

NMapModes = {
	LARGE_IMPASSABLE_PROVINCE_PIXELS = 10000000
}
