object={
	name="cotc_yellow_star"
	render_pass=Map
	clamp_to_water_level=no
	generated_content=no
	layer="building_layer"
	entity="cotc_yellow_star_entity"
	count=5
	transform="3760.033447 0.000000 2896.121582 0.000000 0.000000 0.000000 1.000000 2.365329 2.365329 2.365329
3822.757568 0.000000 2987.595703 0.000000 0.000000 0.000000 1.000000 2.365329 2.365329 2.365329
3770.145508 0.000000 3099.405273 0.000000 0.000000 0.000000 1.000000 2.365329 2.365329 2.365329
3782.643066 0.000000 3278.908691 0.000000 0.000000 0.000000 1.000000 2.365329 2.365329 2.365329
3716.989746 0.000000 3005.169189 0.000000 0.000000 0.000000 1.000000 2.365329 2.365329 2.365329
"}
