object={
	name="cotc_hex"
	render_pass=Map
	clamp_to_water_level=no
	generated_content=no
	layer="cotc_space_layer"
	pdxmesh="cotc_hex_mesh"
	count=355
	transform="3733.570312 0.500000 3033.115234 0.000000 0.862455 0.000000 0.506134 1.000000 1.000000 1.000000
3735.216064 0.500000 3036.068115 0.000000 0.862455 0.000000 0.506134 1.000000 1.000000 1.000000
3736.915771 0.500000 3039.054932 0.000000 0.862455 0.000000 0.506134 1.000000 1.000000 1.000000
3738.606689 0.500000 3042.067871 0.000000 0.862455 0.000000 0.506134 1.000000 1.000000 1.000000
3740.252441 0.500000 3045.020752 0.000000 0.862455 0.000000 0.506134 1.000000 1.000000 1.000000
3741.952148 0.500000 3048.007324 0.000000 0.862455 0.000000 0.506134 1.000000 1.000000 1.000000
3743.597900 0.500000 3050.960205 0.000000 0.862455 0.000000 0.506134 1.000000 1.000000 1.000000
3745.308594 0.500000 3053.960205 0.000000 0.862455 0.000000 0.506134 1.000000 1.000000 1.000000
3746.954346 0.500000 3056.913086 0.000000 0.862455 0.000000 0.506134 1.000000 1.000000 1.000000
3748.654297 0.500000 3059.899658 0.000000 0.862455 0.000000 0.506134 1.000000 1.000000 1.000000
3750.299805 0.500000 3062.852539 0.000000 0.862455 0.000000 0.506134 1.000000 1.000000 1.000000
3797.730469 0.500000 3130.068115 0.000000 0.895611 0.000000 0.444839 1.000000 1.000000 1.000000
3799.823486 0.500000 3132.816895 0.000000 0.895611 0.000000 0.444839 1.000000 1.000000 1.000000
3801.863525 0.500000 3135.512451 0.000000 0.895611 0.000000 0.444839 1.000000 1.000000 1.000000
3803.961914 0.500000 3138.233887 0.000000 0.895611 0.000000 0.444839 1.000000 1.000000 1.000000
3806.001953 0.500000 3140.929443 0.000000 0.895611 0.000000 0.444839 1.000000 1.000000 1.000000
3808.112793 0.500000 3143.662842 0.000000 0.895611 0.000000 0.444839 1.000000 1.000000 1.000000
3810.152832 0.500000 3146.358398 0.000000 0.895611 0.000000 0.444839 1.000000 1.000000 1.000000
3778.135254 0.500000 2932.746094 0.000000 0.895611 0.000000 0.444839 1.000000 1.000000 1.000000
3780.228271 0.500000 2935.494873 0.000000 0.895611 0.000000 0.444839 1.000000 1.000000 1.000000
3782.268311 0.500000 2938.190430 0.000000 0.895611 0.000000 0.444839 1.000000 1.000000 1.000000
3784.366699 0.500000 2940.911865 0.000000 0.895611 0.000000 0.444839 1.000000 1.000000 1.000000
3786.406738 0.500000 2943.607422 0.000000 0.895611 0.000000 0.444839 1.000000 1.000000 1.000000
3788.517578 0.500000 2946.340820 0.000000 0.895611 0.000000 0.444839 1.000000 1.000000 1.000000
3790.557617 0.500000 2949.036377 0.000000 0.895611 0.000000 0.444839 1.000000 1.000000 1.000000
3792.656006 0.500000 2951.757812 0.000000 0.895611 0.000000 0.444839 1.000000 1.000000 1.000000
3748.301514 0.500000 2935.270264 0.000000 0.542282 0.000000 0.840197 1.000000 1.000000 1.000000
3746.906250 0.500000 2938.349365 0.000000 0.542282 0.000000 0.840197 1.000000 1.000000 1.000000
3745.516113 0.500000 2941.492188 0.000000 0.542282 0.000000 0.840197 1.000000 1.000000 1.000000
3744.099365 0.500000 2944.643311 0.000000 0.542282 0.000000 0.840197 1.000000 1.000000 1.000000
3742.704102 0.500000 2947.722412 0.000000 0.542282 0.000000 0.840197 1.000000 1.000000 1.000000
3741.313965 0.500000 2950.865234 0.000000 0.542282 0.000000 0.840197 1.000000 1.000000 1.000000
3739.918701 0.500000 2953.944336 0.000000 0.542282 0.000000 0.840197 1.000000 1.000000 1.000000
3738.524170 0.500000 2957.103760 0.000000 0.542282 0.000000 0.840197 1.000000 1.000000 1.000000
3737.128906 0.500000 2960.182861 0.000000 0.542282 0.000000 0.840197 1.000000 1.000000 1.000000
3735.738770 0.500000 2963.325684 0.000000 0.542282 0.000000 0.840197 1.000000 1.000000 1.000000
3730.184082 0.500000 2975.562988 0.000000 0.542282 0.000000 0.840197 1.000000 1.000000 1.000000
3731.564453 0.500000 2972.494629 0.000000 0.542282 0.000000 0.840197 1.000000 1.000000 1.000000
3732.963135 0.500000 2969.473145 0.000000 0.542282 0.000000 0.840197 1.000000 1.000000 1.000000
3734.343506 0.500000 2966.404785 0.000000 0.542282 0.000000 0.840197 1.000000 1.000000 1.000000
4052.621338 0.500000 3020.759277 0.000000 0.726155 0.000000 0.687531 1.000000 1.000000 1.000000
4052.836670 0.500000 3024.189453 0.000000 0.726155 0.000000 0.687531 1.000000 1.000000 1.000000
4053.031982 0.500000 3027.638672 0.000000 0.726155 0.000000 0.687531 1.000000 1.000000 1.000000
4053.213135 0.500000 3031.013916 0.000000 0.726155 0.000000 0.687531 1.000000 1.000000 1.000000
4053.428955 0.500000 3034.443848 0.000000 0.726155 0.000000 0.687531 1.000000 1.000000 1.000000
4053.610107 0.500000 3037.820068 0.000000 0.726155 0.000000 0.687531 1.000000 1.000000 1.000000
4053.828857 0.500000 3041.266113 0.000000 0.726155 0.000000 0.687531 1.000000 1.000000 1.000000
4054.010498 0.500000 3044.641357 0.000000 0.726155 0.000000 0.687531 1.000000 1.000000 1.000000
4054.225830 0.500000 3048.071777 0.000000 0.726155 0.000000 0.687531 1.000000 1.000000 1.000000
4054.975830 0.500000 3061.536865 0.000000 0.726155 0.000000 0.687531 1.000000 1.000000 1.000000
4054.792969 0.500000 3058.162598 0.000000 0.726155 0.000000 0.687531 1.000000 1.000000 1.000000
4054.596436 0.500000 3054.806396 0.000000 0.726155 0.000000 0.687531 1.000000 1.000000 1.000000
4054.406982 0.500000 3051.447510 0.000000 0.726155 0.000000 0.687531 1.000000 1.000000 1.000000
3863.269043 0.500000 3016.166016 0.000000 0.939278 0.000000 0.343158 1.000000 1.000000 1.000000
3860.690674 0.500000 3014.008545 0.000000 0.939278 0.000000 0.343158 1.000000 1.000000 1.000000
3865.809326 0.500000 3018.350830 0.000000 0.939278 0.000000 0.343158 1.000000 1.000000 1.000000
3868.391357 0.500000 3020.532715 0.000000 0.939278 0.000000 0.343158 1.000000 1.000000 1.000000
3871.036621 0.500000 3022.727051 0.000000 0.939278 0.000000 0.343158 1.000000 1.000000 1.000000
3873.682129 0.500000 3024.948975 0.000000 0.939278 0.000000 0.343158 1.000000 1.000000 1.000000
3876.263916 0.500000 3027.130615 0.000000 0.939278 0.000000 0.343158 1.000000 1.000000 1.000000
3878.909180 0.500000 3029.324707 0.000000 0.939278 0.000000 0.343158 1.000000 1.000000 1.000000
3881.491699 0.500000 3031.506592 0.000000 0.939278 0.000000 0.343158 1.000000 1.000000 1.000000
3884.151123 0.500000 3033.709229 0.000000 0.939278 0.000000 0.343158 1.000000 1.000000 1.000000
3886.733398 0.500000 3035.890625 0.000000 0.939278 0.000000 0.343158 1.000000 1.000000 1.000000
3889.378662 0.500000 3038.084961 0.000000 0.939278 0.000000 0.343158 1.000000 1.000000 1.000000
3899.697266 0.500000 3046.768066 0.000000 0.939278 0.000000 0.343158 1.000000 1.000000 1.000000
3897.114990 0.500000 3044.588623 0.000000 0.939278 0.000000 0.343158 1.000000 1.000000 1.000000
3894.536377 0.500000 3042.431152 0.000000 0.939278 0.000000 0.343158 1.000000 1.000000 1.000000
3891.960693 0.500000 3040.266846 0.000000 0.939278 0.000000 0.343158 1.000000 1.000000 1.000000
3811.665039 0.500000 3091.698242 0.000000 0.995406 0.000000 -0.095743 1.000000 1.000000 1.000000
3815.055420 0.500000 3091.033203 0.000000 0.995406 0.000000 -0.095743 1.000000 1.000000 1.000000
3818.374268 0.500000 3090.391846 0.000000 0.995406 0.000000 -0.095743 1.000000 1.000000 1.000000
3821.742676 0.500000 3089.709473 0.000000 0.995406 0.000000 -0.095743 1.000000 1.000000 1.000000
3825.061768 0.500000 3089.068848 0.000000 0.995406 0.000000 -0.095743 1.000000 1.000000 1.000000
3828.446045 0.500000 3088.380615 0.000000 0.995406 0.000000 -0.095743 1.000000 1.000000 1.000000
3831.764893 0.500000 3087.739258 0.000000 0.995406 0.000000 -0.095743 1.000000 1.000000 1.000000
3835.133301 0.500000 3087.057373 0.000000 0.995406 0.000000 -0.095743 1.000000 1.000000 1.000000
3845.052002 0.500000 3085.115723 0.000000 0.995406 0.000000 -0.095743 1.000000 1.000000 1.000000
3841.754150 0.500000 3085.769043 0.000000 0.995406 0.000000 -0.095743 1.000000 1.000000 1.000000
3838.452393 0.500000 3086.416016 0.000000 0.995406 0.000000 -0.095743 1.000000 1.000000 1.000000
3848.347168 0.500000 3084.509277 0.000000 0.995406 0.000000 -0.095743 1.000000 1.000000 1.000000
3851.666504 0.500000 3083.868408 0.000000 0.995406 0.000000 -0.095743 1.000000 1.000000 1.000000
3855.034912 0.500000 3083.186035 0.000000 0.995406 0.000000 -0.095743 1.000000 1.000000 1.000000
3858.425049 0.500000 3082.520996 0.000000 0.995406 0.000000 -0.095743 1.000000 1.000000 1.000000
3861.743896 0.500000 3081.880127 0.000000 0.995406 0.000000 -0.095743 1.000000 1.000000 1.000000
3865.112305 0.500000 3081.197754 0.000000 0.995406 0.000000 -0.095743 1.000000 1.000000 1.000000
3868.431641 0.500000 3080.556396 0.000000 0.995406 0.000000 -0.095743 1.000000 1.000000 1.000000
3871.815674 0.500000 3079.868408 0.000000 0.995406 0.000000 -0.095743 1.000000 1.000000 1.000000
3875.134521 0.500000 3079.227051 0.000000 0.995406 0.000000 -0.095743 1.000000 1.000000 1.000000
3878.502930 0.500000 3078.544678 0.000000 0.995406 0.000000 -0.095743 1.000000 1.000000 1.000000
3891.739258 0.500000 3075.960693 0.000000 0.995406 0.000000 -0.095743 1.000000 1.000000 1.000000
3888.421631 0.500000 3076.603271 0.000000 0.995406 0.000000 -0.095743 1.000000 1.000000 1.000000
3885.123779 0.500000 3077.256836 0.000000 0.995406 0.000000 -0.095743 1.000000 1.000000 1.000000
3881.822266 0.500000 3077.903809 0.000000 0.995406 0.000000 -0.095743 1.000000 1.000000 1.000000
3720.339355 0.500000 3149.346680 0.000000 0.995569 0.000000 0.094034 1.000000 1.000000 1.000000
3723.734375 0.500000 3149.987061 0.000000 0.995569 0.000000 0.094034 1.000000 1.000000 1.000000
3727.054443 0.500000 3150.623047 0.000000 0.995569 0.000000 0.094034 1.000000 1.000000 1.000000
3730.435547 0.500000 3151.239258 0.000000 0.995569 0.000000 0.094034 1.000000 1.000000 1.000000
3733.755371 0.500000 3151.875732 0.000000 0.995569 0.000000 0.094034 1.000000 1.000000 1.000000
3737.153320 0.500000 3152.492188 0.000000 0.995569 0.000000 0.094034 1.000000 1.000000 1.000000
3740.473389 0.500000 3153.128174 0.000000 0.995569 0.000000 0.094034 1.000000 1.000000 1.000000
3743.854492 0.500000 3153.744629 0.000000 0.995569 0.000000 0.094034 1.000000 1.000000 1.000000
3753.785645 0.500000 3155.621826 0.000000 0.995569 0.000000 0.094034 1.000000 1.000000 1.000000
3750.480713 0.500000 3155.004883 0.000000 0.995569 0.000000 0.094034 1.000000 1.000000 1.000000
3747.174561 0.500000 3154.380859 0.000000 0.995569 0.000000 0.094034 1.000000 1.000000 1.000000
3757.070312 0.500000 3156.281494 0.000000 0.995569 0.000000 0.094034 1.000000 1.000000 1.000000
3760.390625 0.500000 3156.917969 0.000000 0.995569 0.000000 0.094034 1.000000 1.000000 1.000000
3763.771729 0.500000 3157.534180 0.000000 0.995569 0.000000 0.094034 1.000000 1.000000 1.000000
3767.166748 0.500000 3158.174316 0.000000 0.995569 0.000000 0.094034 1.000000 1.000000 1.000000
3770.486572 0.500000 3158.810547 0.000000 0.995569 0.000000 0.094034 1.000000 1.000000 1.000000
3773.867676 0.500000 3159.426758 0.000000 0.995569 0.000000 0.094034 1.000000 1.000000 1.000000
3777.187744 0.500000 3160.062744 0.000000 0.995569 0.000000 0.094034 1.000000 1.000000 1.000000
3780.585449 0.500000 3160.679443 0.000000 0.995569 0.000000 0.094034 1.000000 1.000000 1.000000
3783.905518 0.500000 3161.315430 0.000000 0.995569 0.000000 0.094034 1.000000 1.000000 1.000000
3787.286621 0.500000 3161.931641 0.000000 0.995569 0.000000 0.094034 1.000000 1.000000 1.000000
3800.536865 0.500000 3164.443359 0.000000 0.995569 0.000000 0.094034 1.000000 1.000000 1.000000
3797.217773 0.500000 3163.809082 0.000000 0.995569 0.000000 0.094034 1.000000 1.000000 1.000000
3793.912842 0.500000 3163.192139 0.000000 0.995569 0.000000 0.094034 1.000000 1.000000 1.000000
3790.606934 0.500000 3162.567871 0.000000 0.995569 0.000000 0.094034 1.000000 1.000000 1.000000
3991.689209 0.500000 3173.602051 0.000000 0.995366 0.000000 0.096160 1.000000 1.000000 1.000000
3995.006592 0.500000 3174.252197 0.000000 0.995366 0.000000 0.096160 1.000000 1.000000 1.000000
3998.385010 0.500000 3174.883057 0.000000 0.995366 0.000000 0.096160 1.000000 1.000000 1.000000
4001.702148 0.500000 3175.533203 0.000000 0.995366 0.000000 0.096160 1.000000 1.000000 1.000000
4005.097412 0.500000 3176.164551 0.000000 0.995366 0.000000 0.096160 1.000000 1.000000 1.000000
4008.414795 0.500000 3176.814453 0.000000 0.995366 0.000000 0.096160 1.000000 1.000000 1.000000
4011.793213 0.500000 3177.445312 0.000000 0.995366 0.000000 0.096160 1.000000 1.000000 1.000000
4025.032471 0.500000 3180.013672 0.000000 0.995366 0.000000 0.096160 1.000000 1.000000 1.000000
4021.716309 0.500000 3179.364990 0.000000 0.995366 0.000000 0.096160 1.000000 1.000000 1.000000
4018.413818 0.500000 3178.733887 0.000000 0.995366 0.000000 0.096160 1.000000 1.000000 1.000000
4015.110352 0.500000 3178.096191 0.000000 0.995366 0.000000 0.096160 1.000000 1.000000 1.000000
4058.821289 0.500000 3125.545410 0.000000 0.747262 0.000000 0.664529 1.000000 1.000000 1.000000
4059.254883 0.500000 3128.971680 0.000000 0.747262 0.000000 0.664529 1.000000 1.000000 1.000000
4059.646973 0.500000 3132.329346 0.000000 0.747262 0.000000 0.664529 1.000000 1.000000 1.000000
4060.075439 0.500000 3135.739258 0.000000 0.747262 0.000000 0.664529 1.000000 1.000000 1.000000
4061.271729 0.500000 3145.774902 0.000000 0.747262 0.000000 0.664529 1.000000 1.000000 1.000000
4060.865723 0.500000 3142.437744 0.000000 0.747262 0.000000 0.664529 1.000000 1.000000 1.000000
4060.466797 0.500000 3139.096924 0.000000 0.747262 0.000000 0.664529 1.000000 1.000000 1.000000
3933.453125 0.500000 3102.437988 0.000000 0.803491 0.000000 0.595317 1.000000 1.000000 1.000000
3934.487793 0.500000 3105.732910 0.000000 0.803491 0.000000 0.595317 1.000000 1.000000 1.000000
3935.469482 0.500000 3108.967773 0.000000 0.803491 0.000000 0.595317 1.000000 1.000000 1.000000
3936.496338 0.500000 3112.247559 0.000000 0.803491 0.000000 0.595317 1.000000 1.000000 1.000000
3940.436768 0.500000 3125.145020 0.000000 0.803491 0.000000 0.595317 1.000000 1.000000 1.000000
3939.454590 0.500000 3121.911621 0.000000 0.803491 0.000000 0.595317 1.000000 1.000000 1.000000
3938.462646 0.500000 3118.699463 0.000000 0.803491 0.000000 0.595317 1.000000 1.000000 1.000000
3937.477295 0.500000 3115.482422 0.000000 0.803491 0.000000 0.595317 1.000000 1.000000 1.000000
3912.548828 0.500000 3164.980957 0.000000 0.041553 0.000000 0.999136 1.000000 1.000000 1.000000
3909.207520 0.500000 3165.226562 0.000000 0.041553 0.000000 0.999136 1.000000 1.000000 1.000000
3905.838135 0.500000 3165.503662 0.000000 0.041553 0.000000 0.999136 1.000000 1.000000 1.000000
3902.415771 0.500000 3165.816406 0.000000 0.041553 0.000000 0.999136 1.000000 1.000000 1.000000
3898.973633 0.500000 3166.110352 0.000000 0.041553 0.000000 0.999136 1.000000 1.000000 1.000000
3895.604248 0.500000 3166.387939 0.000000 0.041553 0.000000 0.999136 1.000000 1.000000 1.000000
3892.182129 0.500000 3166.700684 0.000000 0.041553 0.000000 0.999136 1.000000 1.000000 1.000000
3888.813232 0.500000 3166.978027 0.000000 0.041553 0.000000 0.999136 1.000000 1.000000 1.000000
3885.374268 0.500000 3167.295166 0.000000 0.041553 0.000000 0.999136 1.000000 1.000000 1.000000
3882.005127 0.500000 3167.572998 0.000000 0.041553 0.000000 0.999136 1.000000 1.000000 1.000000
3878.582764 0.500000 3167.885742 0.000000 0.041553 0.000000 0.999136 1.000000 1.000000 1.000000
3865.144287 0.500000 3169.019287 0.000000 0.041553 0.000000 0.999136 1.000000 1.000000 1.000000
3868.511963 0.500000 3168.740479 0.000000 0.041553 0.000000 0.999136 1.000000 1.000000 1.000000
3871.861328 0.500000 3168.448242 0.000000 0.041553 0.000000 0.999136 1.000000 1.000000 1.000000
3875.213623 0.500000 3168.162842 0.000000 0.041553 0.000000 0.999136 1.000000 1.000000 1.000000
4047.663818 0.500000 3229.429932 0.000000 0.486320 0.000000 0.873781 1.000000 1.000000 1.000000
4045.876221 0.500000 3232.364990 0.000000 0.486320 0.000000 0.873781 1.000000 1.000000 1.000000
4044.092041 0.500000 3235.236084 0.000000 0.486320 0.000000 0.873781 1.000000 1.000000 1.000000
4042.298340 0.500000 3238.187256 0.000000 0.486320 0.000000 0.873781 1.000000 1.000000 1.000000
4040.513916 0.500000 3241.058594 0.000000 0.486320 0.000000 0.873781 1.000000 1.000000 1.000000
4038.726562 0.500000 3243.993652 0.000000 0.486320 0.000000 0.873781 1.000000 1.000000 1.000000
4033.413086 0.500000 3252.591553 0.000000 0.486320 0.000000 0.873781 1.000000 1.000000 1.000000
4035.174316 0.500000 3249.727539 0.000000 0.486320 0.000000 0.873781 1.000000 1.000000 1.000000
4036.942139 0.500000 3246.864746 0.000000 0.486320 0.000000 0.873781 1.000000 1.000000 1.000000
4031.619873 0.500000 3255.421631 0.000000 0.486320 0.000000 0.873781 1.000000 1.000000 1.000000
4029.835205 0.500000 3258.292969 0.000000 0.486320 0.000000 0.873781 1.000000 1.000000 1.000000
4028.047607 0.500000 3261.228027 0.000000 0.486320 0.000000 0.873781 1.000000 1.000000 1.000000
4026.232910 0.500000 3264.167725 0.000000 0.486320 0.000000 0.873781 1.000000 1.000000 1.000000
4024.448730 0.500000 3267.039307 0.000000 0.486320 0.000000 0.873781 1.000000 1.000000 1.000000
4022.661133 0.500000 3269.974365 0.000000 0.486320 0.000000 0.873781 1.000000 1.000000 1.000000
4020.876953 0.500000 3272.845459 0.000000 0.486320 0.000000 0.873781 1.000000 1.000000 1.000000
4019.083008 0.500000 3275.796387 0.000000 0.486320 0.000000 0.873781 1.000000 1.000000 1.000000
4017.299072 0.500000 3278.667969 0.000000 0.486320 0.000000 0.873781 1.000000 1.000000 1.000000
4015.511475 0.500000 3281.603027 0.000000 0.486320 0.000000 0.873781 1.000000 1.000000 1.000000
4008.416016 0.500000 3293.071777 0.000000 0.486320 0.000000 0.873781 1.000000 1.000000 1.000000
4010.198242 0.500000 3290.200928 0.000000 0.486320 0.000000 0.873781 1.000000 1.000000 1.000000
4011.958984 0.500000 3287.336670 0.000000 0.486320 0.000000 0.873781 1.000000 1.000000 1.000000
4013.726807 0.500000 3284.474121 0.000000 0.486320 0.000000 0.873781 1.000000 1.000000 1.000000
3957.228271 0.500000 3077.218018 0.000000 0.996024 0.000000 0.089080 1.000000 1.000000 1.000000
3960.554443 0.500000 3077.821289 0.000000 0.996024 0.000000 0.089080 1.000000 1.000000 1.000000
3963.941406 0.500000 3078.403809 0.000000 0.996024 0.000000 0.089080 1.000000 1.000000 1.000000
3967.342773 0.500000 3079.010254 0.000000 0.996024 0.000000 0.089080 1.000000 1.000000 1.000000
3970.668701 0.500000 3079.613281 0.000000 0.996024 0.000000 0.089080 1.000000 1.000000 1.000000
3974.055664 0.500000 3080.196045 0.000000 0.996024 0.000000 0.089080 1.000000 1.000000 1.000000
3977.381836 0.500000 3080.799072 0.000000 0.996024 0.000000 0.089080 1.000000 1.000000 1.000000
3980.785889 0.500000 3081.381836 0.000000 0.996024 0.000000 0.089080 1.000000 1.000000 1.000000
3984.112061 0.500000 3081.984863 0.000000 0.996024 0.000000 0.089080 1.000000 1.000000 1.000000
3987.499023 0.500000 3082.567383 0.000000 0.996024 0.000000 0.089080 1.000000 1.000000 1.000000
3997.448486 0.500000 3084.345947 0.000000 0.996024 0.000000 0.089080 1.000000 1.000000 1.000000
3994.137451 0.500000 3083.761719 0.000000 0.996024 0.000000 0.089080 1.000000 1.000000 1.000000
3990.825195 0.500000 3083.170654 0.000000 0.996024 0.000000 0.089080 1.000000 1.000000 1.000000
4000.739746 0.500000 3084.972656 0.000000 0.996024 0.000000 0.089080 1.000000 1.000000 1.000000
4004.066162 0.500000 3085.576172 0.000000 0.996024 0.000000 0.089080 1.000000 1.000000 1.000000
4007.452881 0.500000 3086.158691 0.000000 0.996024 0.000000 0.089080 1.000000 1.000000 1.000000
4010.854004 0.500000 3086.765137 0.000000 0.996024 0.000000 0.089080 1.000000 1.000000 1.000000
4014.180420 0.500000 3087.368164 0.000000 0.996024 0.000000 0.089080 1.000000 1.000000 1.000000
4017.567383 0.500000 3087.950684 0.000000 0.996024 0.000000 0.089080 1.000000 1.000000 1.000000
4020.893555 0.500000 3088.553711 0.000000 0.996024 0.000000 0.089080 1.000000 1.000000 1.000000
4024.297363 0.500000 3089.136719 0.000000 0.996024 0.000000 0.089080 1.000000 1.000000 1.000000
4014.328613 0.500000 3037.322510 0.000000 0.885933 0.000000 0.463814 1.000000 1.000000 1.000000
4016.251709 0.500000 3040.102295 0.000000 0.885933 0.000000 0.463814 1.000000 1.000000 1.000000
4018.232666 0.500000 3042.910889 0.000000 0.885933 0.000000 0.463814 1.000000 1.000000 1.000000
4020.206543 0.500000 3045.746338 0.000000 0.885933 0.000000 0.463814 1.000000 1.000000 1.000000
4022.129883 0.500000 3048.526123 0.000000 0.885933 0.000000 0.463814 1.000000 1.000000 1.000000
4024.110596 0.500000 3051.334961 0.000000 0.885933 0.000000 0.463814 1.000000 1.000000 1.000000
4026.034180 0.500000 3054.114502 0.000000 0.885933 0.000000 0.463814 1.000000 1.000000 1.000000
4028.026611 0.500000 3056.935303 0.000000 0.885933 0.000000 0.463814 1.000000 1.000000 1.000000
4029.949951 0.500000 3059.715088 0.000000 0.885933 0.000000 0.463814 1.000000 1.000000 1.000000
4031.930420 0.500000 3062.523682 0.000000 0.885933 0.000000 0.463814 1.000000 1.000000 1.000000
4035.776123 0.500000 3068.065186 0.000000 0.885933 0.000000 0.463814 1.000000 1.000000 1.000000
4033.854248 0.500000 3065.303467 0.000000 0.885933 0.000000 0.463814 1.000000 1.000000 1.000000
3961.875000 0.500000 2962.022949 0.000000 0.885933 0.000000 0.463814 1.000000 1.000000 1.000000
3963.798096 0.500000 2964.802979 0.000000 0.885933 0.000000 0.463814 1.000000 1.000000 1.000000
3965.779053 0.500000 2967.611572 0.000000 0.885933 0.000000 0.463814 1.000000 1.000000 1.000000
3967.752930 0.500000 2970.446777 0.000000 0.885933 0.000000 0.463814 1.000000 1.000000 1.000000
3969.676270 0.500000 2973.226562 0.000000 0.885933 0.000000 0.463814 1.000000 1.000000 1.000000
3971.656982 0.500000 2976.035400 0.000000 0.885933 0.000000 0.463814 1.000000 1.000000 1.000000
3973.580566 0.500000 2978.814941 0.000000 0.885933 0.000000 0.463814 1.000000 1.000000 1.000000
3975.572998 0.500000 2981.635742 0.000000 0.885933 0.000000 0.463814 1.000000 1.000000 1.000000
3977.496094 0.500000 2984.415527 0.000000 0.885933 0.000000 0.463814 1.000000 1.000000 1.000000
3979.476807 0.500000 2987.224121 0.000000 0.885933 0.000000 0.463814 1.000000 1.000000 1.000000
3985.248047 0.500000 2995.521973 0.000000 0.885933 0.000000 0.463814 1.000000 1.000000 1.000000
3983.322510 0.500000 2992.765625 0.000000 0.885933 0.000000 0.463814 1.000000 1.000000 1.000000
3981.400635 0.500000 2990.004150 0.000000 0.885933 0.000000 0.463814 1.000000 1.000000 1.000000
3987.129883 0.500000 2998.293701 0.000000 0.885933 0.000000 0.463814 1.000000 1.000000 1.000000
3989.053223 0.500000 3001.073730 0.000000 0.885933 0.000000 0.463814 1.000000 1.000000 1.000000
3991.033936 0.500000 3003.882080 0.000000 0.885933 0.000000 0.463814 1.000000 1.000000 1.000000
3993.007812 0.500000 3006.717529 0.000000 0.885933 0.000000 0.463814 1.000000 1.000000 1.000000
3994.931152 0.500000 3009.497559 0.000000 0.885933 0.000000 0.463814 1.000000 1.000000 1.000000
3996.912109 0.500000 3012.305908 0.000000 0.885933 0.000000 0.463814 1.000000 1.000000 1.000000
3998.835449 0.500000 3015.085938 0.000000 0.885933 0.000000 0.463814 1.000000 1.000000 1.000000
4000.827637 0.500000 3017.906250 0.000000 0.885933 0.000000 0.463814 1.000000 1.000000 1.000000
4002.751465 0.500000 3020.686279 0.000000 0.885933 0.000000 0.463814 1.000000 1.000000 1.000000
4004.731689 0.500000 3023.494873 0.000000 0.885933 0.000000 0.463814 1.000000 1.000000 1.000000
4012.427246 0.500000 3034.570068 0.000000 0.885933 0.000000 0.463814 1.000000 1.000000 1.000000
4010.503174 0.500000 3031.792480 0.000000 0.885933 0.000000 0.463814 1.000000 1.000000 1.000000
4008.577148 0.500000 3029.036621 0.000000 0.885933 0.000000 0.463814 1.000000 1.000000 1.000000
4006.655518 0.500000 3026.275146 0.000000 0.885933 0.000000 0.463814 1.000000 1.000000 1.000000
3975.742432 0.500000 2944.687012 0.000000 0.976243 0.000000 0.216678 1.000000 1.000000 1.000000
3978.803955 0.500000 2946.120117 0.000000 0.976243 0.000000 0.216678 1.000000 1.000000 1.000000
3981.929688 0.500000 2947.549072 0.000000 0.976243 0.000000 0.216678 1.000000 1.000000 1.000000
3985.062988 0.500000 2949.004639 0.000000 0.976243 0.000000 0.216678 1.000000 1.000000 1.000000
3988.124512 0.500000 2950.437500 0.000000 0.976243 0.000000 0.216678 1.000000 1.000000 1.000000
3991.250244 0.500000 2951.866699 0.000000 0.976243 0.000000 0.216678 1.000000 1.000000 1.000000
3994.311768 0.500000 2953.299072 0.000000 0.976243 0.000000 0.216678 1.000000 1.000000 1.000000
3997.453857 0.500000 2954.732910 0.000000 0.976243 0.000000 0.216678 1.000000 1.000000 1.000000
4000.515381 0.500000 2956.165771 0.000000 0.976243 0.000000 0.216678 1.000000 1.000000 1.000000
4003.640869 0.500000 2957.594727 0.000000 0.976243 0.000000 0.216678 1.000000 1.000000 1.000000
4012.805664 0.500000 2961.856934 0.000000 0.976243 0.000000 0.216678 1.000000 1.000000 1.000000
4009.753906 0.500000 2960.445557 0.000000 0.976243 0.000000 0.216678 1.000000 1.000000 1.000000
4006.702637 0.500000 2959.027588 0.000000 0.976243 0.000000 0.216678 1.000000 1.000000 1.000000
3929.939941 0.500000 2971.087158 0.000000 0.689879 0.000000 0.723925 1.000000 1.000000 1.000000
3929.773926 0.500000 2974.463379 0.000000 0.689879 0.000000 0.723925 1.000000 1.000000 1.000000
3929.635986 0.500000 2977.897461 0.000000 0.689879 0.000000 0.723925 1.000000 1.000000 1.000000
3929.476562 0.500000 2981.348633 0.000000 0.689879 0.000000 0.723925 1.000000 1.000000 1.000000
3929.310547 0.500000 2984.724854 0.000000 0.689879 0.000000 0.723925 1.000000 1.000000 1.000000
3929.172607 0.500000 2988.158936 0.000000 0.689879 0.000000 0.723925 1.000000 1.000000 1.000000
3929.006836 0.500000 2991.535156 0.000000 0.689879 0.000000 0.723925 1.000000 1.000000 1.000000
3928.871094 0.500000 2994.986084 0.000000 0.689879 0.000000 0.723925 1.000000 1.000000 1.000000
3928.705078 0.500000 2998.362305 0.000000 0.689879 0.000000 0.723925 1.000000 1.000000 1.000000
3928.567383 0.500000 3001.796143 0.000000 0.689879 0.000000 0.723925 1.000000 1.000000 1.000000
3928.096191 0.500000 3011.892578 0.000000 0.689879 0.000000 0.723925 1.000000 1.000000 1.000000
3928.245361 0.500000 3008.533691 0.000000 0.689879 0.000000 0.723925 1.000000 1.000000 1.000000
3928.401367 0.500000 3005.172607 0.000000 0.689879 0.000000 0.723925 1.000000 1.000000 1.000000
3927.902100 0.500000 3015.237305 0.000000 0.689879 0.000000 0.723925 1.000000 1.000000 1.000000
3927.735840 0.500000 3018.613770 0.000000 0.689879 0.000000 0.723925 1.000000 1.000000 1.000000
3927.598145 0.500000 3022.047607 0.000000 0.689879 0.000000 0.723925 1.000000 1.000000 1.000000
3927.438477 0.500000 3025.498779 0.000000 0.689879 0.000000 0.723925 1.000000 1.000000 1.000000
3927.272705 0.500000 3028.875244 0.000000 0.689879 0.000000 0.723925 1.000000 1.000000 1.000000
3927.135010 0.500000 3032.309082 0.000000 0.689879 0.000000 0.723925 1.000000 1.000000 1.000000
3926.968994 0.500000 3035.685547 0.000000 0.689879 0.000000 0.723925 1.000000 1.000000 1.000000
3963.023926 0.500000 3201.727539 0.000000 0.784252 0.000000 0.620443 1.000000 1.000000 1.000000
3963.798584 0.500000 3205.018066 0.000000 0.784252 0.000000 0.620443 1.000000 1.000000 1.000000
3964.616211 0.500000 3208.356201 0.000000 0.784252 0.000000 0.620443 1.000000 1.000000 1.000000
3965.417725 0.500000 3211.716797 0.000000 0.784252 0.000000 0.620443 1.000000 1.000000 1.000000
3966.192383 0.500000 3215.007080 0.000000 0.784252 0.000000 0.620443 1.000000 1.000000 1.000000
3967.010010 0.500000 3218.345215 0.000000 0.784252 0.000000 0.620443 1.000000 1.000000 1.000000
3967.784668 0.500000 3221.635498 0.000000 0.784252 0.000000 0.620443 1.000000 1.000000 1.000000
3968.609131 0.500000 3224.989258 0.000000 0.784252 0.000000 0.620443 1.000000 1.000000 1.000000
3969.383789 0.500000 3228.279785 0.000000 0.784252 0.000000 0.620443 1.000000 1.000000 1.000000
3970.201416 0.500000 3231.617676 0.000000 0.784252 0.000000 0.620443 1.000000 1.000000 1.000000
3972.541992 0.500000 3241.450195 0.000000 0.784252 0.000000 0.620443 1.000000 1.000000 1.000000
3971.756104 0.500000 3238.181152 0.000000 0.784252 0.000000 0.620443 1.000000 1.000000 1.000000
3970.976074 0.500000 3234.908203 0.000000 0.784252 0.000000 0.620443 1.000000 1.000000 1.000000
3973.281006 0.500000 3244.718018 0.000000 0.784252 0.000000 0.620443 1.000000 1.000000 1.000000
3974.055420 0.500000 3248.008789 0.000000 0.784252 0.000000 0.620443 1.000000 1.000000 1.000000
3974.873047 0.500000 3251.346680 0.000000 0.784252 0.000000 0.620443 1.000000 1.000000 1.000000
3975.674561 0.500000 3254.707275 0.000000 0.784252 0.000000 0.620443 1.000000 1.000000 1.000000
3976.449463 0.500000 3257.997803 0.000000 0.784252 0.000000 0.620443 1.000000 1.000000 1.000000
3977.267090 0.500000 3261.335693 0.000000 0.784252 0.000000 0.620443 1.000000 1.000000 1.000000
3978.041748 0.500000 3264.626221 0.000000 0.784252 0.000000 0.620443 1.000000 1.000000 1.000000
3978.865967 0.500000 3267.979736 0.000000 0.784252 0.000000 0.620443 1.000000 1.000000 1.000000
3979.640869 0.500000 3271.270264 0.000000 0.784252 0.000000 0.620443 1.000000 1.000000 1.000000
3980.458496 0.500000 3274.608154 0.000000 0.784252 0.000000 0.620443 1.000000 1.000000 1.000000
3983.574951 0.500000 3287.729492 0.000000 0.784252 0.000000 0.620443 1.000000 1.000000 1.000000
3982.799072 0.500000 3284.440674 0.000000 0.784252 0.000000 0.620443 1.000000 1.000000 1.000000
3982.012939 0.500000 3281.171631 0.000000 0.784252 0.000000 0.620443 1.000000 1.000000 1.000000
3981.232910 0.500000 3277.898926 0.000000 0.784252 0.000000 0.620443 1.000000 1.000000 1.000000
3706.206787 0.500000 3166.598389 0.000000 0.887203 0.000000 0.461379 1.000000 1.000000 1.000000
3708.145264 0.500000 3169.367920 0.000000 0.887203 0.000000 0.461379 1.000000 1.000000 1.000000
3710.141357 0.500000 3172.165527 0.000000 0.887203 0.000000 0.461379 1.000000 1.000000 1.000000
3712.130859 0.500000 3174.989990 0.000000 0.887203 0.000000 0.461379 1.000000 1.000000 1.000000
3714.069580 0.500000 3177.759277 0.000000 0.887203 0.000000 0.461379 1.000000 1.000000 1.000000
3716.065674 0.500000 3180.556885 0.000000 0.887203 0.000000 0.461379 1.000000 1.000000 1.000000
3718.004150 0.500000 3183.326172 0.000000 0.887203 0.000000 0.461379 1.000000 1.000000 1.000000
3720.012207 0.500000 3186.135742 0.000000 0.887203 0.000000 0.461379 1.000000 1.000000 1.000000
3721.950928 0.500000 3188.905029 0.000000 0.887203 0.000000 0.461379 1.000000 1.000000 1.000000
3723.947021 0.500000 3191.702637 0.000000 0.887203 0.000000 0.461379 1.000000 1.000000 1.000000
3729.763672 0.500000 3199.968262 0.000000 0.887203 0.000000 0.461379 1.000000 1.000000 1.000000
3727.822510 0.500000 3197.223145 0.000000 0.887203 0.000000 0.461379 1.000000 1.000000 1.000000
3725.885498 0.500000 3194.472168 0.000000 0.887203 0.000000 0.461379 1.000000 1.000000 1.000000
3731.660645 0.500000 3202.729980 0.000000 0.887203 0.000000 0.461379 1.000000 1.000000 1.000000
3733.599121 0.500000 3205.499512 0.000000 0.887203 0.000000 0.461379 1.000000 1.000000 1.000000
3735.595215 0.500000 3208.297119 0.000000 0.887203 0.000000 0.461379 1.000000 1.000000 1.000000
3737.584717 0.500000 3211.121582 0.000000 0.887203 0.000000 0.461379 1.000000 1.000000 1.000000
3739.523438 0.500000 3213.890869 0.000000 0.887203 0.000000 0.461379 1.000000 1.000000 1.000000
3741.519531 0.500000 3216.688477 0.000000 0.887203 0.000000 0.461379 1.000000 1.000000 1.000000
3743.458008 0.500000 3219.457764 0.000000 0.887203 0.000000 0.461379 1.000000 1.000000 1.000000
3745.466064 0.500000 3222.267334 0.000000 0.887203 0.000000 0.461379 1.000000 1.000000 1.000000
3747.404785 0.500000 3225.036621 0.000000 0.887203 0.000000 0.461379 1.000000 1.000000 1.000000
3749.400879 0.500000 3227.834229 0.000000 0.887203 0.000000 0.461379 1.000000 1.000000 1.000000
3757.156738 0.500000 3238.867188 0.000000 0.887203 0.000000 0.461379 1.000000 1.000000 1.000000
3755.217529 0.500000 3236.099854 0.000000 0.887203 0.000000 0.461379 1.000000 1.000000 1.000000
3753.276367 0.500000 3233.354736 0.000000 0.887203 0.000000 0.461379 1.000000 1.000000 1.000000
3751.339355 0.500000 3230.603760 0.000000 0.887203 0.000000 0.461379 1.000000 1.000000 1.000000
3815.908203 0.500000 3196.714844 0.000000 0.542282 0.000000 0.840197 1.000000 1.000000 1.000000
3814.512939 0.500000 3199.793945 0.000000 0.542282 0.000000 0.840197 1.000000 1.000000 1.000000
3813.122803 0.500000 3202.936768 0.000000 0.542282 0.000000 0.840197 1.000000 1.000000 1.000000
3811.706055 0.500000 3206.087891 0.000000 0.542282 0.000000 0.840197 1.000000 1.000000 1.000000
3810.310791 0.500000 3209.166992 0.000000 0.542282 0.000000 0.840197 1.000000 1.000000 1.000000
3808.920654 0.500000 3212.309814 0.000000 0.542282 0.000000 0.840197 1.000000 1.000000 1.000000
3807.525391 0.500000 3215.388916 0.000000 0.542282 0.000000 0.840197 1.000000 1.000000 1.000000
3806.130859 0.500000 3218.548340 0.000000 0.542282 0.000000 0.840197 1.000000 1.000000 1.000000
3804.735596 0.500000 3221.627441 0.000000 0.542282 0.000000 0.840197 1.000000 1.000000 1.000000
3803.345459 0.500000 3224.770264 0.000000 0.542282 0.000000 0.840197 1.000000 1.000000 1.000000
3799.196777 0.500000 3233.986816 0.000000 0.542282 0.000000 0.840197 1.000000 1.000000 1.000000
3800.569824 0.500000 3230.917725 0.000000 0.542282 0.000000 0.840197 1.000000 1.000000 1.000000
3801.950195 0.500000 3227.849365 0.000000 0.542282 0.000000 0.840197 1.000000 1.000000 1.000000
3799.011963 0.500000 3025.655518 0.000000 0.542282 0.000000 0.840197 1.000000 1.000000 1.000000
3797.616699 0.500000 3028.734619 0.000000 0.542282 0.000000 0.840197 1.000000 1.000000 1.000000
3796.226562 0.500000 3031.877441 0.000000 0.542282 0.000000 0.840197 1.000000 1.000000 1.000000
3794.809814 0.500000 3035.028564 0.000000 0.542282 0.000000 0.840197 1.000000 1.000000 1.000000
3793.414551 0.500000 3038.107666 0.000000 0.542282 0.000000 0.840197 1.000000 1.000000 1.000000
3792.024414 0.500000 3041.250488 0.000000 0.542282 0.000000 0.840197 1.000000 1.000000 1.000000
3790.629150 0.500000 3044.329590 0.000000 0.542282 0.000000 0.840197 1.000000 1.000000 1.000000
3789.234619 0.500000 3047.489014 0.000000 0.542282 0.000000 0.840197 1.000000 1.000000 1.000000
3787.839355 0.500000 3050.568115 0.000000 0.542282 0.000000 0.840197 1.000000 1.000000 1.000000
3786.449219 0.500000 3053.710938 0.000000 0.542282 0.000000 0.840197 1.000000 1.000000 1.000000
3783.673584 0.500000 3059.858398 0.000000 0.542282 0.000000 0.840197 1.000000 1.000000 1.000000
3785.053955 0.500000 3056.790039 0.000000 0.542282 0.000000 0.840197 1.000000 1.000000 1.000000
"}
