object={
	name="cotc_planet_barren_01"
	render_pass=Map
	clamp_to_water_level=no
	generated_content=no
	layer="building_layer"
	entity="cotc_planet_barren_01_entity"
	count=4
	transform="
3813.489746 0.000000 3009.200439 0.000000 0.000000 0.000000 1.000000 0.500000 0.500000 0.500000
3784.020508 0.000000 3087.878662 0.000000 0.000000 0.000000 1.000000 1.000000 1.000000 1.000000
3703.005127 0.000000 3000.159912 0.000000 0.000000 0.000000 1.000000 0.750000 0.750000 0.750000
3781.333008 0.000000 3251.750488 0.000000 0.000000 0.000000 1.000000 0.750000 0.750000 0.750000"}

object={
	name="cotc_planet_barren_02"
	render_pass=Map
	clamp_to_water_level=no
	generated_content=no
	layer="building_layer"
	entity="cotc_planet_barren_02_entity"
	count=4
	transform="
3842.833008 0.000000 2967.489258 0.000000 0.000000 0.000000 1.000000 0.500000 0.500000 0.500000
3747.825928 0.000000 2900.858887 0.000000 0.000000 0.000000 1.000000 0.500000 0.500000 0.500000
3768.993896 0.000000 3285.838379 0.000000 0.000000 0.000000 1.000000 0.500000 0.500000 0.500000
3846.413818 0.000000 3171.697998 0.000000 0.000000 0.000000 1.000000 1.000000 1.000000 1.000000"}

object={
	name="cotc_planet_barren_03"
	render_pass=Map
	clamp_to_water_level=no
	generated_content=no
	layer="building_layer"
	entity="cotc_planet_barren_03_entity"
	count=4
	transform="
3824.741211 0.000000 3178.820068 0.000000 0.000000 0.000000 1.000000 1.000000 1.000000 1.000000
3812.196777 0.000000 3001.356689 0.000000 0.000000 0.000000 1.000000 1.000000 1.000000 1.000000
3746.731689 0.000000 2911.437500 0.000000 0.000000 0.000000 1.000000 1.000000 1.000000 1.000000
3772.926514 0.000000 3291.904297 0.000000 0.000000 0.000000 1.000000 1.000000 1.000000 1.000000"}
