object={
	name="cotc_planet_corrosive_01"
	render_pass=Map
	clamp_to_water_level=no
	generated_content=no
	layer="building_layer"
	entity="cotc_planet_corrosive_01_entity"
	count=4
	transform="
3980.830566 0.000000 3329.173828 0.000000 0.000000 0.000000 1.000000 1.000000 1.000000 1.000000
4046.880371 0.000000 3098.556885 0.000000 0.000000 0.000000 1.000000 1.000000 1.000000 1.000000
3849.000000 0.000000 3074.000000 0.000000 0.000000 0.000000 1.000000 1.000000 1.000000 1.000000
3882.615723 0.000000 3364.030029 0.000000 0.000000 0.000000 1.000000 1.000000 1.000000 1.000000"}

object={
	name="cotc_planet_corrosive_02"
	render_pass=Map
	clamp_to_water_level=no
	generated_content=no
	layer="building_layer"
	entity="cotc_planet_corrosive_02_entity"
	count=3
	transform="
3761.559814 0.000000 3113.639893 0.000000 0.000000 0.000000 1.000000 1.000000 1.000000 1.000000
4058.494385 0.000000 2982.595215 0.000000 0.000000 0.000000 1.000000 1.000000 1.000000 1.000000
3745.195068 0.000000 3203.380127 0.000000 0.000000 0.000000 1.000000 1.000000 1.000000 1.000000"}
