object={
	name="cotc_red_star"
	render_pass=Map
	clamp_to_water_level=no
	generated_content=no
	layer="building_layer"
	entity="cotc_red_star_entity"
	count=4
	transform="4055.590088 0.000000 3093.054443 0.000000 0.000000 0.000000 1.000000 2.500000 2.500000 2.500000
3924.579102 0.000000 3069.773438 0.000000 0.000000 0.000000 1.000000 2.500000 2.500000 2.500000
3952.669678 0.000000 3163.566895 0.000000 0.000000 0.000000 1.000000 2.500000 2.500000 2.500000
3832.251953 0.000000 3169.730713 0.000000 0.000000 0.000000 1.000000 2.500000 2.500000 2.500000
"}
